10
160.143 530.295
-972.14 -252.341
-337.981 -295.736
614.248 -427.407
-559.714 350.349
-430.285 310.66
-736.744 -263.075
-998.702 -616.928
448.748 631.12
-563.287 295.789
0 1376.44 964.6 1059.91 742.007 629.956 1197.43 1630.66 305.71 760.489 
1376.44 0 635.642 1596.02 730.295 781.394 235.641 365.553 1673.15 683.819 
964.6 635.642 0 961.289 683.075 613.38 400.098 734.654 1215.73 632.981 
1059.91 1596.02 961.289 0 1408.22 1278.98 1360.95 1624.05 1071.39 1381.88 
742.007 730.295 683.075 1408.22 0 135.378 638.458 1062.23 1046.82 54.6765 
629.956 781.394 613.38 1278.98 135.378 0 650.453 1087.9 935.624 133.831 
1197.43 235.641 400.098 1360.95 638.458 650.453 0 440.265 1484.92 585.164 
1630.66 365.553 734.654 1624.05 1062.23 1087.9 440.265 0 1911.21 1011.26 
305.71 1673.15 1215.73 1071.39 1046.82 935.624 1484.92 1911.21 0 1066.14 
760.489 683.819 632.981 1381.88 54.6765 133.831 585.164 1011.26 1066.14 0 
