100
-441.078 129.799
785.814 -963.937
142.145 -857.339
-704.477 12.3816
10.7642 9.37135
878.111 -410.718
689.961 879.788
-421.383 288.251
979.275 953.767
371.58 50.5084
-75.9906 -89.3456
507.727 -648.76
-557.228 946.696
608.69 -861.698
-590.478 -897.871
-583.475 -68.6599
-245.581 674.402
-14.1517 967.199
954.444 541.026
961.367 579.251
229.082 795.401
-588.398 643.124
-638.8 92.0273
918.457 584.935
335.327 -427.328
-151.008 451.974
-592.481 987.277
-535.088 103.011
727.908 -602.67
439.396 662.507
-582.061 361.084
-286.816 -105.46
-962.843 403.75
631.497 -628.98
324.533 576.442
-848.605 -348.173
190.836 254.437
-207.735 -25.5826
231.153 234.347
257.287 835.38
-424.295 -455.234
-457.179 691.168
-988.344 597.436
125.057 -851.713
296.014 -681.533
91.5767 -938.886
-529.058 122.818
-519.816 -887.015
-21.0683 -266.073
-857.167 -713.642
-234.206 662.528
509.707 834.329
-140.52 -625.878
-837.588 -179.203
882.591 313.677
981.574 407.003
-745.465 -513.612
-559.008 949.612
150.464 911.684
-29.1266 -588.434
-585.443 572.623
-317.955 998.277
842.264 553.897
941.199 444.625
985.339 -120.379
300.116 -754.319
-169.465 -919.577
-941.44 155.751
-290.878 589.036
676.826 134.398
-938.651 967.707
-263.409 787.78
421.476 -825.599
-760.431 -165.942
398.609 984.969
-84.9456 -125.796
-832.544 198.871
-844.363 426.219
911.981 212.432
721.112 -456.937
350.279 790.658
941.147 -874.602
302.518 -614.314
531.97 -160.735
43.9447 408.789
800.264 -89.7193
-670.238 -129.949
-405.324 -176.377
-434.328 -982.047
407.878 561.704
-355.654 -926.595
704.947 315.71
-479.897 -693.36
-511.303 -215.501
-253.1 142.43
-116.052 -825.264
902.943 -479.722
-485.539 -779.562
-629.955 -70.9855
751.721 -754.123
0 1643.63 1146.56 288.385 467.615 1425.63 1357.1 159.672 1642.05 816.517 425.809 1227.35 825.113 1443.98 1038.47 244.26 578.629 939.95 1454.85 1472.71 944.532 534.046 201.297 1433.7 955.612 433.518 870.742 97.7518 1379.51 1029.08 270.867 281.325 589.311 1313.84 886.369 628.121 644.089 280.343 680.313 992.753 585.274 561.6 719.85 1133.08 1096.16 1194.07 88.2563 1019.86 577.168 940.491 571.486 1183.37 813.254 502.695 1336.38 1449.41 711.779 828.252 980.442 827.987 465.763 877.162 1351.6 1417.68 1448.19 1153.7 1083.96 501.034 483.175 1117.91 974.51 681.546 1287.16 435.257 1198.5 438.359 397.513 500.503 1355.58 1301.9 1031.01 1708.62 1051.97 1015.5 559.538 1260.6 346.386 308.256 1111.87 952.506 1059.84 1161.01 824.073 352.368 188.402 1008.85 1475.77 910.447 275.661 1484.62 
1643.63 0 652.436 1781.62 1244.2 560.866 1846.22 1739.34 1927.44 1095.76 1227.85 420.32 2335.44 204.513 1377.88 1635.99 1935.96 2090.27 1514.38 1553.14 1845.32 2114.5 1773.3 1554.54 700.634 1697.78 2388.92 1697.99 365.879 1662.93 1904.41 1373.87 2219.99 368.795 1607.96 1746.57 1355.89 1366.62 1320.43 1875.34 1312.69 2069.88 2363.37 670.219 565.381 694.689 1705.85 1307.89 1066.81 1661.94 1919.85 1819.34 986.092 1803.12 1281.27 1384.85 1596.12 2338.85 1980.31 897.291 2059.46 2251.35 1518.88 1417.11 866.834 529.001 956.308 2058.42 1889.71 1103.73 2589.41 2041.91 389.717 1740.02 1987 1208.6 1992.79 2142.43 1183.12 511.112 1807.84 179.19 596.499 842.36 1560.37 874.337 1677.98 1427.96 1220.28 1571.76 1142.08 1282.2 1294.31 1497.55 1517.69 912.465 498.18 1284.65 1673.85 212.566 
1146.56 652.436 0 1213.75 876.612 860.881 1821.46 1276.69 1995.22 936.391 798.372 420.898 1934.86 466.565 733.743 1071.7 1580.05 1831.22 1617.18 1653.76 1655.03 1668.86 1229.3 1637.93 471.411 1341.73 1985.52 1175.12 638.729 1548.64 1417.4 865.639 1676.71 540.012 1445.33 1113.93 1112.84 902.35 1095.31 1696.63 694.653 1660.44 1842.38 17.9901 233.631 95.9531 1187.95 662.626 613.379 1009.59 1565.77 1731.14 365.341 1191.53 1385.47 1517.63 951.841 1938.22 1769.04 318.817 1604.42 1911.81 1575.36 1527.61 1119.86 188.595 317.765 1483.41 1509.8 1126.69 2121.06 1694.37 281.128 1136.96 1860.07 765.981 1437.22 1618.86 1317.97 703.935 1661.09 799.188 291.172 798.261 1269.93 1011.12 1090.44 873.746 589.808 1443.71 502.594 1301.07 643.293 915.943 1075.06 260.181 849.357 632.484 1102.04 618.252 
288.385 1781.62 1213.75 0 715.247 1638.17 1642.21 395.28 1929.05 1076.73 636.666 1380.78 945.847 1577.47 917.363 145.634 805.516 1178.23 1741.12 1759.65 1218.46 641.334 103.232 1720.97 1128.95 706.802 981.307 192.11 1558.85 1315.72 369.566 433.967 468.959 1481.95 1173.47 388.295 927.457 498.19 961.599 1265.83 545.13 722.432 650.284 1197.83 1217.58 1240.41 207.287 918.157 737.96 741.906 802.399 1466.23 851.718 233.288 1615.41 1731.62 527.588 948.453 1240.83 903.923 572.748 1058.96 1638.79 1701.49 1695.02 1263.74 1074.61 276.959 709.643 1386.68 983.608 892.067 1403.56 186.896 1470.62 634.753 226.229 436.84 1628.79 1500.85 1310.81 1869.44 1186.08 1248.51 846.92 1508.2 146.391 353.726 1030.47 1240.6 1001.68 1441.69 740.612 298.742 469.738 1023.67 1681.06 821.65 111.819 1645.61 
467.615 1244.2 876.612 715.247 0 963.724 1104.05 514.32 1352.74 363.153 131.421 824.687 1095.99 1056.54 1088.38 599.34 712.726 958.152 1083.14 1108.34 815.786 872.145 654.802 1074.79 544.102 471.24 1149 553.825 942.809 781.224 689.307 318.967 1050.45 890.394 648.089 930.781 304.11 221.278 314.937 862.012 636.502 826.933 1159.33 868.637 747.474 951.694 551.614 1041.64 277.278 1129.63 697.584 964.105 653.015 869.058 923.408 1049.09 919.453 1099.41 913.063 599.135 820.193 1042.11 993.931 1027.21 983.174 816.669 946.27 963.39 653.452 677.695 1349 825.282 930.516 790.871 1049.86 165.621 864.337 951.317 923.81 849.728 851.868 1283.36 688.552 548.262 400.793 795.694 695.107 455.666 1086.75 680.273 1005.13 758.77 857.076 568.438 295.514 844.215 1017.45 932.058 645.739 1063.93 
1425.63 560.866 860.881 1638.17 963.724 0 1304.15 1475.55 1368.23 685.057 1006.77 440.282 1975.54 525.329 1547.28 1501.08 1562.1 1641.58 954.8 993.464 1369.66 1805.89 1598.05 996.47 543.038 1342.88 2029.05 1503.68 243.734 1159.43 1651.6 1204.26 2013.07 329.327 1131.78 1727.85 956.44 1152.12 913.598 1392.19 1303.17 1731.23 2121.33 872.678 642.01 947.416 1504.92 1476.84 910.738 1761.52 1545.67 1298.41 1041.11 1731.25 724.408 824.24 1626.83 1978.84 1509.38 924.48 1763.22 1848.2 965.28 857.666 309.507 672.413 1164.63 1905.69 1538.19 581.091 2280.5 1655.13 616.962 1656.72 1475.76 1004.32 1816.02 1915.04 624.069 163.661 1312.22 468.148 610.539 426.972 1169.37 330.303 1573.6 1304.65 1431.4 1080.15 1337.27 746.781 1387.11 1403.06 1259.21 1077.13 73.3364 1412.65 1545.86 365.926 
1357.1 1846.22 1821.46 1642.21 1104.05 1304.15 0 1258.97 298.622 888.297 1235.27 1539.37 1248.98 1743.38 2190.8 1587.83 957.821 709.518 429.78 404.949 468.541 1300.08 1544.72 373.027 1354.37 943.533 1286.94 1450.56 1482.94 331.653 1373.72 1387.37 1719.99 1509.9 474.928 1968.52 800.119 1274.97 791.896 434.947 1738.92 1162.54 1701.89 1821.32 1610.25 1914.59 1434.93 2141.3 1348.54 2220.95 949.361 185.898 1719.51 1858.73 597.987 555.485 2000.5 1250.92 540.439 1634.86 1311.87 1014.86 359.724 502.481 1042.87 1679.97 1994.07 1784.85 1023.03 745.506 1630.98 957.799 1726.39 1788.07 309.757 1269.52 1667.83 1599.96 703.319 1337.09 351.181 1772.28 1543.52 1052.45 799.486 975.762 1694.02 1521.56 2174.96 425.145 2087.18 564.277 1960.45 1625.64 1197.11 1885.96 1376.09 2033.53 1626.7 1635.08 
159.672 1739.34 1276.69 395.28 514.32 1475.55 1258.97 0 1550.73 827.836 511.738 1319.56 672.312 1543.84 1198.12 391.994 424.286 791.712 1398.86 1413.04 824.807 392.209 292.872 1372.29 1041.47 316.082 719.66 217.354 1454.17 938.62 176.415 416.073 553.641 1396.38 799.653 766.521 613.152 379.654 654.759 871.747 743.492 404.504 645.786 1264.17 1206.29 1330.03 197.388 1179.38 683.76 1092.56 418.471 1079.41 956.304 625.891 1304.22 1407.97 864.878 675.528 845.977 960.439 328.303 717.519 1291.27 1371.53 1464.87 1267.88 1233.82 536.671 327.876 1108.93 853.948 523.912 1396.81 566.785 1076.01 533.503 420.763 444.912 1335.52 1364.04 920.801 1791.29 1157 1053.79 480.686 1278.78 486.642 464.906 1270.36 873.184 1216.62 1126.66 983.354 511.715 222.673 1154.62 1530.89 1069.74 415.396 1569.3 
1642.05 1927.44 1995.22 1929.05 1352.74 1368.23 298.622 1550.73 0 1088.65 1483.8 1670.46 1536.52 1852.9 2427.49 1867.5 1256.31 993.517 413.487 374.944 766.726 1598.15 1833.24 373.812 1523.84 1236.66 1572.11 1736.97 1576.6 613.434 1670.04 1650.74 2018.5 1620.5 755.685 2244.15 1053.9 1538.87 1037.91 731.629 1988.79 1460.26 1999.62 1997.36 1772.3 2090.49 1722.08 2373.97 1577.56 2480.48 1247.94 484.52 1936.29 2141.17 647.351 546.769 2264.49 1538.29 829.879 1842.62 1610.47 1297.99 422.691 510.563 1074.16 1838.15 2197.5 2079.9 1321.48 873.407 1917.98 1253.72 1864.75 2068.89 581.504 1515.92 1962.79 1898.41 744.383 1434.13 649.8 1828.77 1707.89 1200.91 1082.52 1058.73 1973.66 1787.27 2397.01 692.97 2306.03 694.531 2200.5 1894.47 1475.47 2089.18 1435.52 2269.38 1907.81 1722.98 
816.517 1095.76 936.391 1076.73 363.153 685.057 888.297 827.836 1088.65 0 468.912 712.399 1290.67 942.519 1350.92 962.461 877.571 994.541 761.799 792.097 758.4 1128.16 1011.23 764.648 479.21 658.994 1344.23 908.186 744.05 615.745 1002.94 676.617 1380.39 727.503 528.033 1283.67 272.498 584.291 231.336 793.15 942.97 1047.51 1465.78 935.295 735.932 1028.25 903.536 1293.65 504.378 1446.98 861.13 795.898 848.378 1230.79 574.795 706.527 1251.41 1293.98 889.11 754.197 1090.18 1172.06 689.161 692.672 637.105 807.994 1110.76 1317.23 853.735 316.564 1599.36 973.026 877.527 1152.52 934.852 489.386 1213.23 1272.66 564.138 616.177 740.456 1086.39 668.4 265.233 485.499 451.037 1057.33 809.356 1309.83 512.483 1218.03 425.987 1130.64 922.086 631.407 1002.38 750.66 1193.18 1008.88 889.909 
425.809 1227.85 798.372 636.666 131.421 1006.77 1235.27 511.738 1483.8 468.912 0 808.499 1142.35 1032.14 958.337 507.906 782.35 1058.35 1207.96 1234.15 935.867 893.908 591.312 1201.49 532.366 546.493 1194.1 497.766 953.81 911.54 677.491 211.44 1014.72 889.8 776.976 814.816 435.181 146.364 446.222 982.951 505.164 868.623 1141.95 788.432 699.338 865.908 500.283 912.829 185.065 999.991 768.339 1093.72 540.399 766.88 1039.86 1168.25 792.59 1145.75 1026.32 501.284 835.311 1114.21 1121.14 1148.83 1061.78 763.968 835.477 899.486 711.602 785.362 1364.38 896.925 888.562 688.713 1174.48 37.5338 809.593 925.312 1033.03 877.779 977.81 1284.99 647.195 612.137 512.369 876.255 595.633 340.639 961.937 811.169 882.722 879.735 726.618 453.224 291.698 737.008 1053.9 802.576 554.269 1061.62 
1227.35 420.32 420.898 1380.78 824.687 440.282 1539.37 1319.56 1670.46 712.399 808.499 0 1918.23 235.661 1126.1 1235.81 1522.57 1698.14 1270.88 1309.12 1470.8 1694.24 1365.02 1300.27 280.631 1282.79 1971.57 1285.54 224.953 1313.05 1485.74 962.535 1808.41 125.341 1238.82 1389.24 957.175 948.808 925.403 1505.12 951.902 1651.2 1947.11 433.159 214.235 507.301 1292.38 1054.8 652.743 1366.44 1506.63 1483.09 648.651 1424.91 1032.86 1157.22 1260.46 1921.64 1600.82 540.233 1639.15 1842.41 1248.32 1176.18 712.249 232.906 729.336 1657.5 1473.06 801.206 2169.1 1630.43 196.752 1356.96 1637.37 790.413 1585.81 1727.35 951.352 286.93 1448 488.73 208.08 488.626 1154.77 630.955 1287.15 1028.01 999.274 1214.57 906.984 984.427 988.631 1107.31 1097.65 648.27 429.848 1001.84 1275.99 265.771 
825.113 2335.44 1934.86 945.847 1095.99 1975.54 1248.98 672.312 1536.52 1290.67 1142.35 1918.23 0 2151.66 1844.87 1015.7 413.845 543.463 1565.16 1562.42 800.733 305.169 858.553 1519.38 1638.47 640.128 53.7548 843.976 2012.98 1036.35 586.138 1086.35 677.727 1973.78 956.343 1327.25 1019.23 1033.18 1062.54 822.086 1408.22 274.416 554.837 1923.48 1838.25 1994.08 824.36 1834.09 1326 1687.21 430.227 1072.84 1626.85 1160.28 1572.83 1630.7 1472.39 3.41652 708.557 1623.43 375.135 244.769 1453.57 1580.3 1875.68 1904.86 1906.13 879.325 445.941 1477.4 382.001 334.042 2024.57 1131.04 956.603 1171.87 796.894 594.427 1642.47 1898.51 920.824 2358.44 1782.11 1553.3 806.693 1707.91 1082.56 1133.3 1932.66 1039.06 1884.1 1411.11 1641.88 1163.1 859.848 1826.06 2041.27 1727.75 1020.28 2146.19 
1443.98 204.513 466.565 1577.47 1056.54 525.329 1743.38 1543.84 1852.9 942.519 1032.14 235.661 2151.66 0 1199.71 1431.84 1757.66 1932.04 1444.71 1483.48 1700.02 1922.89 1570.29 1479.43 513.23 1517.52 2204.89 1496.29 285.146 1533.58 1706.78 1172.1 2017.69 233.833 1465.94 1545.13 1191.79 1168.61 1159.24 1733.08 1110.08 1883.47 2163.24 483.736 360.868 522.843 1504.57 1128.79 866.813 1473.32 1741.76 1698.91 785.447 1599.22 1206.87 1322.36 1398.18 2155.08 1831.63 693.89 1866.34 2078.02 1434.73 1347.98 831.515 326.723 780.305 1854.21 1707 998.423 2396.04 1865.83 190.663 1535.76 1858.58 1011.28 1789.4 1941.67 1116.13 420.083 1672.44 332.707 393.624 705.149 1390.35 795.394 1473.47 1223.88 1049.94 1437.5 966.526 1181.34 1101.53 1293.04 1323.24 725.657 482.172 1097.31 1469.51 178.969 
1038.47 1377.88 733.743 917.363 1088.38 1547.28 2190.8 1198.12 2427.49 1350.92 958.337 1126.1 1844.87 1199.71 0 829.241 1609.66 1952.09 2111.21 2142.46 1881.18 1541 991.077 2115.56 1038.52 1419.58 1885.15 1002.41 1351.03 1869.6 1258.98 848.603 1353.84 1251.21 1735.18 607.287 1392.22 952.565 1398.93 1929.47 472.804 1594.62 1547.33 717.022 912.507 683.287 1022.54 71.4906 850.527 324.135 1600.55 2052.05 525.778 759.966 1907.3 2043.05 414.339 1847.75 1955.37 640.989 1470.5 1915.63 2039.7 2036.75 1757.18 902.089 421.572 1110.54 1516.79 1634.51 1897.79 1717.09 1014.53 751.402 2126.82 922.856 1123.14 1348.21 1868.2 1383.72 1932.91 1531.8 936.935 1342.85 1452.53 1608.5 772.053 744.873 177.393 1768.35 236.574 1775.08 232.493 686.948 1093.64 479.95 1550.86 158.143 827.827 1349.87 
244.26 1635.99 1071.7 145.634 599.34 1501.08 1587.83 391.994 1867.5 962.461 507.906 1235.81 1015.7 1431.84 829.241 0 816.28 1182 1654.36 1675.21 1186.11 711.8 169.945 1637.98 986.326 676.822 1055.97 178.359 1415.94 1257.33 429.746 298.933 605.881 1337.95 1113.84 385.256 839.017 378.201 869.156 1234.57 418.065 770.253 779.488 1056.03 1071.97 1101.36 199.06 820.827 596.048 700.649 810.323 1417.9 711.829 277.116 1515.1 1635.74 473.522 1018.57 1224.64 759.913 641.286 1099.48 1555.73 1608.76 1569.67 1118.42 946.29 422.492 719.845 1276.55 1095.54 914.293 1258.13 201.934 1440.36 501.793 365.524 559.435 1521.64 1361.14 1268.99 1724.53 1040.54 1119.24 788.424 1383.9 106.227 208.184 925.485 1174.79 887.668 1344.53 633.228 163.619 392.054 889.345 1542.21 717.617 46.5386 1500.87 
578.629 1935.96 1580.05 805.516 712.726 1562.1 957.821 424.286 1256.31 877.571 782.35 1522.57 413.845 1757.66 1609.66 816.28 0 373.215 1207.41 1210.69 489.843 344.241 702.696 1167.47 1245.5 241.698 467.152 640.548 1605.8 685.08 459.769 780.951 766.627 1571.01 578.469 1187.14 605.665 701.007 648.787 528.006 1143.69 212.262 746.74 1570.48 1460.1 1648.14 620.165 1585.32 966.902 1516.81 16.4436 772.034 1304.52 1038.8 1184.44 1255.95 1288.9 417.106 461.686 1281.25 354.775 331.863 1094.5 1208.82 1465.21 1529.39 1595.8 867.882 96.6399 1068.85 752.578 114.771 1641.64 985.519 715.145 816.162 755.417 648.178 1246.34 1488.09 607.095 1951.34 1400.43 1141.07 392.907 1295.25 909.568 865.646 1667.17 663.106 1604.78 1015.95 1387.69 928.728 532.025 1505.25 1628.22 1473.63 838.657 1742.21 
939.95 2090.27 1831.22 1178.23 958.152 1641.58 709.518 791.712 993.517 994.541 1058.35 1698.14 543.463 1932.04 1952.09 1182 373.215 0 1058.21 1049.83 297.787 659.381 1075.23 1007.91 1437.65 533.092 578.678 1009.06 1736.42 546.39 830.601 1106.77 1103.4 1721.82 517.107 1557.73 741.654 1011.48 772.818 301.754 1480.38 521.983 1042.01 1824.23 1677.65 1909.02 988.994 1921.93 1233.29 1880.4 375.831 540.446 1598.08 1411.48 1109.61 1142.49 1651.55 545.14 173.724 1555.71 694.309 305.389 950.929 1088.94 1477.09 1749.97 1893.16 1232.2 468.599 1082.13 924.499 307.117 1844.97 1356.81 413.143 1095.29 1122.54 990.914 1194.74 1602.74 404.94 2074.81 1612.91 1253.19 561.425 1334.3 1278.35 1208.63 1994.02 585.265 1924.34 970.331 1724.64 1282.94 858.685 1795.36 1713.08 1809.25 1207.08 1884.01 
1454.85 1514.38 1617.18 1741.12 1083.14 954.8 429.78 1398.86 413.487 761.799 1207.96 1270.88 1565.16 1444.71 2111.21 1654.36 1207.41 1058.21 0 38.8468 768.672 1546.22 1655.3 56.7719 1149.35 1109.03 1610.01 1552.6 1165.92 529.181 1547.01 1399.52 1922.2 1213.76 630.906 2010.39 815.617 1292.94 785.622 756.751 1701.02 1419.59 1943.61 1620.99 1388.59 1713.09 1541.32 2052.5 1266.11 2203.66 1194.84 532.746 1600.19 1931.35 238.434 136.742 2000.49 1567.64 885.309 1497.7 1540.21 1352.06 112.916 97.3067 662.126 1451.23 1842.97 1934.64 1246.25 492.36 1940.58 1242.6 1466.87 1854.89 711.364 1234.9 1819.45 1802.47 331.327 1024.88 653.706 1415.69 1326.58 819.118 920.052 649.316 1757.78 1537.41 2061.17 546.957 1967.3 336.179 1892.36 1649.47 1271.63 1735.72 1022.05 1953.84 1698.49 1310.92 
1472.71 1553.14 1653.76 1759.65 1108.34 993.464 404.949 1413.04 374.944 792.097 1234.15 1309.12 1562.42 1483.48 2142.46 1675.21 1210.69 1049.83 38.8468 0 763.52 1551.08 1672.7 43.285 1185.38 1119.63 1606.53 1570.41 1204.76 528.57 1558.77 1423.65 1932.2 1252.45 636.84 2033.74 836.195 1316.29 807.571 749.221 1729.23 1422.95 1949.8 1657.43 1425.58 1749.65 1558.75 2084.19 1296.05 2231.29 1198.47 518.712 1632.94 1952.3 277.012 173.429 2026.73 1564.84 876.4 1531.2 1546.82 1346.2 121.773 136.128 700.04 1488.51 1877.57 1949.37 1252.28 528.07 1939.32 1242.4 1505.02 1876.14 693.761 1261.69 1833.8 1812.2 370.129 1063.68 646.623 1453.99 1363.33 855.548 933.125 688.096 1779.07 1561.67 2094.19 553.767 2000.53 367.703 1922.7 1673.44 1290.64 1770.17 1060.58 1984.92 1719.05 1349.75 
944.532 1845.32 1655.03 1218.46 815.786 1369.66 468.541 824.807 766.726 758.4 935.867 1470.8 800.733 1700.02 1881.18 1186.11 489.843 297.787 768.672 763.52 0 831.542 1117.12 720.787 1227.34 512.261 843.672 1031.19 1484.4 248.782 920.101 1038.12 1254.62 1480.14 238.861 1571.36 542.315 929.959 561.059 48.9266 1411.03 694.132 1233.42 1650.4 1478.45 1739.73 1013.48 1841.57 1090.55 1859.34 481.966 283.312 1468.55 1444.87 811.869 846.816 1631.95 803.036 140.366 1407.72 844.442 583.445 659.027 793.823 1187.68 1551.35 1760.68 1333.89 559.416 798.374 1180.38 492.55 1632.38 1379.61 254.313 973.251 1217.74 1135.16 897.889 1345.53 121.29 1815.47 1411.63 1002.96 428.655 1053.42 1290.37 1160.53 1897.22 294.249 1818.57 675.686 1648.96 1253.03 811.709 1657.01 1442.23 1729.51 1220.07 1635.29 
534.046 2114.5 1668.86 641.334 872.145 1805.89 1300.08 392.209 1598.15 1128.16 893.908 1694.24 305.169 1922.89 1541 711.8 344.241 659.381 1546.22 1551.08 831.542 0 553.396 1507.98 1413.91 477.334 344.177 542.737 1812.36 1027.98 282.111 807.05 444.419 1762.5 915.363 1024.88 870.795 769.462 915.84 867.263 1110.55 139.738 402.547 1656.37 1592.77 1721.95 523.678 1531.67 1071.68 1383.13 354.723 1114.63 1345.72 859.253 1507.43 1587.63 1167.35 307.894 786.156 1352.6 70.5621 446.401 1433.44 1542.42 1749.17 1655.99 1617.88 601.806 302.396 1363.67 477.527 355.729 1782.41 827.153 1044.53 919.076 506.919 335.508 1560.97 1710.25 950.201 2154.76 1541.06 1378.92 674.366 1570.17 777.392 839.7 1632.46 999.597 1586.88 1334.14 1340.88 862.079 602.593 1542.49 1866.78 1426.4 715.317 1936.03 
201.297 1773.3 1229.3 103.232 654.802 1598.05 1544.72 292.872 1833.24 1011.23 591.312 1365.02 858.553 1570.29 991.077 169.945 702.696 1075.23 1655.3 1672.7 1117.12 553.396 0 1633.4 1103.93 606.22 896.447 104.292 1533.13 1219.82 274.974 403.601 449.639 1460.65 1078.27 487.642 845.383 446.821 881.518 1164.28 587.799 626.064 614.507 1214.14 1213.37 1263.42 113.98 986.245 714.023 834.738 699.405 1367.51 873.883 336.277 1537.45 1650.7 614.96 861.289 1137.88 913.635 483.549 961.369 1551.41 1618.86 1637.97 1264.07 1115.18 309.276 606.685 1316.31 925.595 790.563 1402.22 285.206 1368.78 595.148 221.252 392.352 1555.45 1466.53 1210.93 1852.19 1176.86 1197.74 752.647 1450.5 224.192 355.741 1093.36 1147.23 1057.24 1362.24 801.301 332.91 388.979 1055.79 1644.34 884.962 163.253 1627.73 
1433.7 1554.54 1637.93 1720.97 1074.79 996.47 373.027 1372.29 373.812 764.648 1201.49 1300.27 1519.38 1479.43 2115.56 1637.98 1167.47 1007.91 56.7719 43.285 720.787 1507.98 1633.4 0 1168.21 1077.7 1563.59 1531.35 1202.79 485.301 1517.12 1389 1890 1247.37 593.985 1998.3 799.163 1281.03 771.556 707.014 1698.51 1379.73 1906.84 1641.17 1411.16 1733.71 1519.49 2057.98 1267.64 2199.81 1155.27 478.826 1608.57 1915.1 273.619 188.795 1993.85 1521.81 834.613 1508.21 1503.95 1303.67 82.2729 142.141 708.478 1475.11 1856.65 1908.77 1209.34 511.243 1896.14 1199.15 1495.53 1839.15 655.95 1229.62 1793.06 1769.95 372.56 1060.4 604.275 1459.71 1348.18 839.879 892.076 684.929 1742.13 1527.09 2070.14 511.107 1976.89 343.612 1894.58 1638.57 1252.34 1748.96 1064.77 1957.82 1681.61 1349.4 
955.612 700.634 471.411 1128.95 544.102 543.038 1354.37 1041.47 1523.84 479.21 532.366 280.631 1638.47 513.23 1038.52 986.326 1245.5 1437.65 1149.35 1185.38 1227.34 1413.91 1103.93 1168.21 0 1004.84 1691.73 1019.25 429.959 1094.79 1209.63 700.471 1541.41 358.302 1003.83 1186.58 696.908 675.511 669.825 1265.12 760.134 1370.8 1673.99 473.62 257.227 566.662 1024.61 970.866 391.178 1226.38 1229.7 1273.65 515.608 1198.87 921.187 1055.34 1084.23 1641.89 1351.71 398.474 1359.31 1568.16 1104.44 1061.78 718.842 328.882 705.07 1403.61 1193.79 657.387 1889.22 1354.61 407.482 1126.5 1413.71 517.253 1325.16 1456.09 861.291 386.92 1218.08 753.042 189.842 331.271 885.435 574.584 1048.62 782.01 948.727 991.689 852.48 829.894 857.533 872.727 819.067 601.744 570.029 893.246 1028.96 529.319 
433.518 1697.78 1341.73 706.802 471.24 1342.88 943.533 316.082 1236.66 658.994 546.493 1282.79 640.128 1517.52 1419.58 676.822 241.698 533.092 1109.03 1119.63 512.261 477.334 606.22 1077.7 1004.84 0 693.864 518.934 1372.87 626.818 440.532 573.739 813.266 1334.46 491.561 1061.54 394.815 480.914 439.783 560.094 947.477 388.529 849.877 1332.6 1218.47 1411.86 501.264 1388.85 729.71 1362.84 226.395 763.374 1077.9 932.618 1042.81 1133.47 1133.9 643.512 549.744 1047.52 450.877 571.243 998.487 1092.23 1272.35 1287.89 1371.68 844.115 195.83 886.659 941.468 354.118 1399.98 867.881 765.613 581.534 727.016 693.833 1089.64 1259.65 604.976 1718.32 1158.73 917.536 199.679 1094.69 779.894 677.865 1461.74 569.556 1393.68 866.733 1191.62 758.509 325.945 1277.72 1406.72 1276.16 709.138 1506.52 
870.742 2388.92 1985.52 981.307 1149 2029.05 1286.94 719.66 1572.11 1344.23 1194.1 1971.57 53.7548 2204.89 1885.15 1055.97 467.152 578.678 1610.01 1606.53 843.672 344.177 896.447 1563.59 1691.73 693.864 0 886.127 2066.73 1081.78 626.279 1134.68 691.137 2027.41 1004.84 1359.79 1072.68 1083.47 1115.92 863.237 1452.28 325.556 555.592 1974.02 1890.6 2044.02 866.782 1875.7 1377.46 1721.39 483.553 1112.75 1675.27 1191.95 1621.6 1677.61 1508.66 50.3891 746.781 1673.39 414.713 274.747 1498.77 1626.85 1927.8 1957.01 1953.21 901.78 499.56 1529.23 346.722 384.822 2077.17 1165.38 991.093 1223.32 824.144 615.004 1692.27 1952.25 963.045 2412.18 1834.7 1606.96 860.05 1760.59 1119.93 1178.61 1975.66 1087.12 1928.47 1460.93 1684.4 1205.51 910.465 1874.11 2094.85 1770.07 1058.93 2199.85 
97.7518 1697.99 1175.12 192.11 553.825 1503.68 1450.56 217.354 1736.97 908.186 497.766 1285.54 843.976 1496.29 1002.41 178.359 640.548 1009.06 1552.6 1570.41 1031.19 542.737 104.292 1531.35 1019.25 518.934 886.127 0 1446.77 1123.68 262.314 324.19 522.895 1377.22 981.369 549.418 741.549 351.704 777.415 1078.99 569.133 593.295 670.744 1160.73 1142.91 1215.84 20.7048 990.143 632.802 877.87 635.287 1275.31 828.832 413.704 1433.25 1546.83 651.523 846.939 1060.16 856.792 472.305 921.221 1449.27 1515.3 1536.75 1196.9 1085.99 409.761 543.929 1212.32 954.235 736.694 1333.17 350.878 1284.38 504.956 312.521 447.342 1451.2 1375.35 1121.04 1770.59 1102.79 1099.17 654.812 1349.19 269.325 308.052 1089.73 1048.61 1045.12 1258.14 798.28 319.398 284.73 1018.47 1551.61 883.963 198.178 1546.14 
1379.51 365.879 638.729 1558.85 942.809 243.734 1482.94 1454.17 1576.6 744.05 953.81 224.953 2012.98 285.146 1351.03 1415.94 1605.8 1736.42 1165.92 1204.76 1484.4 1812.36 1533.13 1202.79 429.959 1372.87 2066.73 1446.77 0 1297.66 1626.3 1129.99 1967.62 99.9358 1246.2 1596.92 1011.47 1099.3 973.325 1513.1 1161.6 1754.55 2094.22 652.266 439.035 719.693 1451.31 1279.71 821.134 1588.95 1589.46 1453.47 868.737 1621.76 929.31 1041.05 1476.06 2016.37 1620.71 757.168 1762.44 1912.29 1162.21 1068.79 546.695 453.875 951.687 1833.55 1567.83 738.835 2289.87 1707.65 378.943 1551.09 1621.43 942.411 1754.27 1879 835.627 145.891 1443.59 345.569 425.548 483.423 1221 518.029 1475.9 1210.76 1222.59 1207.55 1130.94 918.666 1211.2 1298.28 1231.89 872.82 213.9 1226.27 1458.25 153.314 
1029.08 1662.93 1548.64 1315.72 781.224 1159.43 331.653 938.62 613.434 615.745 911.54 1313.05 1036.35 1533.58 1869.6 1257.33 685.08 546.39 529.181 528.57 248.782 1027.98 1219.82 485.301 1094.79 626.818 1081.78 1123.68 1297.66 0 1065 1056.96 1425.91 1305.7 143.529 1637.2 477.811 944.588 476.116 251.095 1412.55 897.033 1429.22 1546.5 1351.67 1638.73 1108.68 1822.39 1036.48 1890.73 673.601 185.651 1412.88 1529.43 564.007 599.366 1669.48 1038.86 381.538 1335.8 1028.77 828.445 417.252 547.064 954.445 1423.66 1695.2 1470.89 733.961 579.027 1411.44 713.882 1488.21 1458.05 325.031 946.76 1353.8 1305.32 652.614 1154.35 156.091 1616.93 1284.14 828.431 469.845 834.309 1363.55 1190.49 1862.24 105.616 1776.89 436.79 1638.13 1294.11 866.043 1588.08 1232.71 1713.2 1296.74 1450.65 
270.867 1904.41 1417.4 369.566 689.307 1651.6 1373.72 176.415 1670.04 1002.94 677.491 1485.74 586.138 1706.78 1258.98 429.746 459.769 830.601 1547.01 1558.77 920.101 282.111 274.974 1517.12 1209.63 440.532 626.279 262.314 1626.3 1065 0 552.117 383.164 1566.19 931.822 757.688 780.221 538.174 823.031 964.087 831.424 352.918 470.029 1403.89 1363.11 1464.14 244.09 1249.65 841.451 1109.38 460.295 1189.92 1081.23 597.665 1465.42 1564.31 889.828 588.98 916.381 1098.78 211.566 689.759 1437.32 1525.55 1639.68 1422.1 1345.48 413.902 369.797 1279.13 703.667 532.549 1554.12 556.392 1162.3 695.827 298.42 270.267 1501.42 1538.64 1026.54 1961.4 1316.77 1230.19 627.821 1453.98 498.887 565.774 1351.23 1010.06 1307.43 1287.81 1059.38 580.91 395 1274.59 1706.51 1144.72 434.716 1738.58 
281.325 1373.87 865.639 433.967 318.967 1204.26 1387.37 416.073 1650.74 676.617 211.44 962.535 1086.35 1172.1 848.603 298.933 780.951 1106.77 1399.52 1423.65 1038.12 807.05 403.601 1389 700.471 573.739 1134.68 324.19 1129.99 1056.96 552.117 0 846.35 1057.06 915.826 611.978 598.061 112.401 619.484 1086.84 375.823 814.641 993.078 852.37 819.482 915.303 332.854 815.547 310.513 833.778 769.787 1231.93 540.59 555.687 1242.25 1368 613.961 1089.62 1107.16 547.419 740.929 1104.18 1307.51 1345.59 1272.24 874.933 822.532 704.815 694.507 993.044 1255.62 893.546 1010.09 477.462 1287.96 202.892 624.849 770.416 1240.23 1067.45 1099.51 1448.96 778.619 820.649 611.436 1087.19 384.204 138.106 888.913 963.175 824.015 1077.49 618.795 250.007 250.172 739.783 1247.24 702.784 344.867 1224.47 
589.311 2219.99 1676.71 468.959 1050.45 2013.07 1719.99 553.641 2018.5 1380.39 1014.72 1808.41 677.727 2017.69 1353.84 605.881 766.627 1103.4 1922.2 1932.2 1254.62 444.419 449.639 1890 1541.41 813.266 691.137 522.895 1967.62 1425.91 383.164 846.35 0 1899.59 1298.91 760.552 1163.3 868.628 1205.95 1294.23 1013.85 581.64 195.357 1661.24 1662.1 1707.18 516.81 1364.68 1155.68 1122.38 773.226 1534.21 1317.71 596.257 1847.63 1944.42 942.765 679.005 1223.7 1362.44 413.459 877.122 1811.34 1904.48 2017.45 1713.53 1542.93 248.921 697.042 1661.65 564.476 797.927 1851.39 604.582 1480.33 1025.24 242.803 120.592 1884.56 1891.16 1368.94 2293.33 1624.07 1597.85 1006.8 1830.86 608.648 804.596 1483.16 1379.79 1462.36 1670.11 1198.7 766.394 756.322 1492.49 2064.38 1275.95 579.817 2068.91 
1313.84 368.795 540.012 1481.95 890.394 329.327 1509.9 1396.38 1620.5 727.503 889.8 125.341 1973.78 233.833 1251.21 1337.95 1571.01 1721.82 1213.76 1252.45 1480.14 1762.5 1460.65 1247.37 358.302 1334.46 2027.41 1377.22 99.9358 1305.7 1566.19 1057.06 1899.59 0 1243.89 1506.5 987.222 1033.63 951.634 1511.42 1069.99 1711.14 2031.74 553.256 339.575 622.54 1382.78 1179.88 746.688 1491.07 1554.81 1468.37 772.023 1536.4 975.525 1093.53 1381.79 1977.18 1614.01 661.867 1710.2 1883.99 1201.51 1117.38 619.58 354.293 852.049 1757.82 1527.85 764.722 2239.37 1675.73 287.695 1466.93 1630.67 875.491 1681.89 1814.28 886.93 193.983 1447.22 395.238 329.306 478.705 1192.55 565.052 1394.11 1131.3 1122.78 1211.5 1031.04 947.541 1113.26 1215.3 1173.71 772.889 309.775 1127.14 1379.36 173.535 
886.369 1607.96 1445.33 1173.47 648.089 1131.78 474.928 799.653 755.685 528.033 776.976 1238.82 956.343 1465.94 1735.18 1113.84 578.469 517.107 630.906 636.84 238.861 915.363 1078.27 593.985 1003.83 491.561 1004.84 981.369 1246.2 143.529 931.822 915.826 1298.91 1243.89 0 1493.71 348.657 803.581 354.611 267.528 1274.79 790.087 1313.04 1442.02 1258.3 1533.13 966.64 1689.57 910.644 1749.49 565.332 317.483 1289.13 1386.19 616.825 678.537 1527.45 959.115 377.741 1217.38 909.985 768.594 518.221 630.597 960.324 1330.98 1575.47 1334.04 615.541 565.255 1322.39 624.772 1405.39 1314.64 415.189 812.902 1217.12 1178.51 691.084 1106.86 215.758 1576.62 1190.96 765.806 326.86 818.59 1220.06 1048.54 1733.42 84.6377 1649.78 461.189 1503.16 1151.43 722.514 1469.32 1204.18 1579.55 1153.35 1397.46 
628.121 1746.57 1113.93 388.295 930.781 1727.85 1968.52 766.521 2244.15 1283.67 814.816 1389.24 1327.25 1545.13 607.287 385.256 1187.14 1557.73 2010.39 2033.74 1571.36 1024.88 487.642 1998.3 1186.58 1061.54 1359.79 549.418 1596.92 1637.2 757.688 611.978 760.552 1506.5 1493.71 0 1201.49 717.481 1226.87 1619.81 437.609 1110.61 955.878 1096.16 1192.18 1110.35 569.16 631.231 831.6 365.569 1182.79 1800.92 760.595 169.329 1853.4 1979.86 194.956 1329.7 1607.91 853.973 957.664 1447.24 1916.45 1957.53 1848.04 1218.41 887.544 512.404 1090.61 1599.94 1318.96 1277.83 1356.85 202.442 1825.6 795.379 547.28 774.403 1847.69 1573.48 1653.56 1865.57 1181.49 1393.24 1170.31 1669 281.845 475.408 757.246 1551.33 759.982 1689.46 505.074 362.457 771.569 874.214 1756.48 563.839 353.045 1651.01 
644.089 1355.89 1112.84 927.457 304.11 956.44 800.119 613.152 1053.9 272.498 435.181 957.175 1019.23 1191.79 1392.22 839.017 605.665 741.654 815.617 836.195 542.315 870.795 845.383 799.163 696.908 394.815 1072.68 741.549 1011.47 477.811 780.221 598.061 1163.3 987.222 348.657 1201.49 0 487.104 45.0454 584.731 939.159 781.446 1228.05 1108.1 941.861 1197.44 731.827 1344.6 561.991 1426.71 589.236 661.781 940.612 1116.11 694.286 805.322 1211.02 1022.51 658.486 871.1 838.959 901.203 716.962 774.091 878.477 1014.66 1228.06 1136.57 586.52 500.595 1335.85 700.566 1104.39 1040.01 759.505 469.715 1024.89 1049.35 722.367 887.268 559.424 1355.62 875.9 537.345 213.076 699.89 942.975 735.532 1385.54 376.192 1301.34 517.749 1161.12 844.891 457.848 1122.47 1022.78 1235.57 882.949 1154.03 
280.343 1366.62 902.35 498.19 221.278 1152.12 1274.97 379.654 1538.87 584.291 146.364 948.808 1033.18 1168.61 952.565 378.201 701.007 1011.48 1292.94 1316.29 929.959 769.462 446.821 1281.03 675.511 480.914 1083.47 351.704 1099.3 944.588 538.174 112.401 868.628 1033.63 803.581 717.481 487.104 0 510.085 978.521 481.143 758.916 998.75 890.642 827.064 961.098 353.936 916.22 304.435 946.143 688.619 1119.9 604.047 648.316 1141.89 1265.54 726.172 1036.53 1003.38 590.511 707.47 1029.78 1199.29 1241.43 1196.83 888.24 894.813 755.781 620.216 898.912 1233.23 815.265 1017.81 570.24 1178.5 158.493 663.901 780.653 1144.73 1024.12 988.751 1428.55 779.079 751.951 502.017 1010.04 474.132 248.556 982.939 850.814 913.073 974.407 721.109 358.081 174.029 804.92 1199.94 803.53 424.654 1204.71 
680.313 1320.43 1095.31 961.599 314.937 913.598 791.896 654.759 1037.91 231.336 446.222 925.403 1062.54 1159.24 1398.93 869.156 648.787 772.818 785.622 807.571 561.059 915.84 881.518 771.556 669.825 439.783 1115.92 777.415 973.325 476.116 823.031 619.484 1205.95 951.634 354.611 1226.87 45.0454 510.085 0 601.601 951.386 826.128 1272.4 1091.23 918.174 1181.51 768.349 1349.6 560.389 1443.3 632.375 661.491 937.085 1145.96 656.25 770.027 1230.13 1065.81 682.127 862.968 883.89 940.803 689.614 740.528 833.442 991.068 1221.49 1175.22 631.127 456.743 1380.67 742.213 1076.9 1069.33 769.074 479.188 1064.29 1092.5 681.18 847.309 568.923 1316.76 851.656 496.568 255.885 654.909 972.223 757.494 1386.54 372.014 1300.82 480.729 1168.86 868.104 492.899 1115.05 980.406 1241.64 913.639 1117.17 
992.753 1875.34 1696.63 1265.83 862.012 1392.19 434.947 871.747 731.629 793.15 982.951 1505.12 822.086 1733.08 1929.47 1234.57 528.006 301.754 756.751 749.221 48.9266 867.263 1164.28 707.014 1265.12 560.094 863.237 1078.99 1513.1 251.095 964.087 1086.84 1294.23 1511.42 267.528 1619.81 584.731 978.521 601.601 0 1459.53 728.875 1268.15 1692.27 1517.41 1781.99 1061.17 1889.59 1136.08 1908.27 521.002 252.422 1514.44 1492.69 814.358 841.486 1680.86 824.249 131.277 1452.34 882.743 597.862 649.177 787.671 1201.47 1590.28 1806.1 1377.98 600.975 816.939 1203.24 522.867 1669.07 1427.72 205.788 1020.29 1262.09 1175.18 903.708 1373.03 103.187 1841.66 1450.4 1033.29 476.965 1072.68 1338.72 1209.42 1944.58 312.372 1865.54 685.898 1697.2 1301.95 860.625 1702.09 1465.05 1777.59 1268.34 1664.63 
585.274 1312.69 694.653 545.13 636.502 1303.17 1738.92 743.492 1988.79 942.97 505.164 951.902 1408.22 1110.08 472.804 418.065 1143.69 1480.38 1701.02 1729.23 1411.03 1110.55 587.799 1698.51 760.134 947.477 1452.28 569.133 1161.6 1412.55 831.424 375.823 1013.85 1069.99 1274.79 437.609 939.159 481.143 951.386 1459.53 0 1146.87 1194.26 677.483 755.021 707.137 587.469 442.22 445.392 504.136 1133.81 1592.27 331.131 496.996 1516.3 1649.22 326.433 1411.29 1482.84 417.013 1040.41 1457.4 1619.42 1635.34 1448.86 783.724 529.672 800.464 1052.76 1249.05 1513.05 1253.38 923.308 443.484 1658.72 472.957 771.052 976.43 1493.79 1145.41 1467.04 1428.39 744.019 1000.59 982.743 1277.95 407.797 279.502 526.909 1314.03 476.332 1367.31 244.531 255.034 621.7 481.597 1327.46 330.06 435.825 1213.4 
561.6 2069.88 1660.44 722.432 826.933 1731.23 1162.54 404.504 1460.26 1047.51 868.623 1651.2 274.416 1883.47 1594.62 770.253 212.262 521.983 1419.59 1422.95 694.132 139.738 626.064 1379.73 1370.8 388.529 325.556 593.295 1754.55 897.033 352.918 814.641 581.64 1711.14 790.087 1110.61 781.446 758.916 826.128 728.875 1146.87 0 539.371 1649.09 1565.76 1719.94 572.877 1579.43 1051.91 1460.64 224.805 977.427 1354.58 949.872 1391.94 1466.55 1238.79 277.781 646.419 1349.3 174.656 337.193 1306.67 1419.95 1655.13 1631.85 1636.24 721.928 195.159 1263.31 555.237 216.52 1752.89 909.175 904.816 897.768 619.076 469.158 1450.44 1645.15 813.565 2099.27 1510.44 1305.43 575.207 1480.19 848.309 869.093 1673.37 874.692 1620.95 1221.27 1384.71 908.283 585.459 1554.33 1794.69 1471 781.492 1884.23 
719.85 2363.37 1842.38 650.284 1159.33 2121.33 1701.89 645.786 1999.62 1465.78 1141.95 1947.11 554.837 2163.24 1547.33 779.488 746.74 1042.01 1943.61 1949.8 1233.42 402.547 614.507 1906.84 1673.99 849.877 555.592 670.744 2094.22 1429.22 470.029 993.078 195.357 2031.74 1313.04 955.878 1228.05 998.75 1272.4 1268.15 1194.26 539.371 0 1827.48 1812.55 1877.9 660.459 1556.63 1296.64 1317.62 756.942 1516.67 1488.39 791.135 1892.33 1979.1 1137.28 555.299 1181.37 1525.25 403.664 781.086 1831.13 1935.58 2100.16 1867.45 1723.92 444.168 697.516 1728.35 373.591 749.507 2003.15 796.674 1440.08 1157.23 427.934 223.709 1938.93 2008.47 1352.5 2426.9 1770.5 1698.88 1049.38 1916.06 793.902 968.864 1673.83 1396.68 1650.14 1716.57 1387.33 942.568 864.647 1668.82 2176.52 1465.93 758.439 2203.3 
1133.08 670.219 17.9901 1197.83 868.637 872.678 1821.32 1264.17 1997.36 935.295 788.432 433.159 1923.48 483.736 717.022 1056.03 1570.48 1824.23 1620.99 1657.43 1650.4 1656.37 1214.14 1641.17 473.62 1332.6 1974.02 1160.73 652.266 1546.5 1403.89 852.37 1661.24 553.256 1442.02 1096.16 1108.1 890.642 1091.23 1692.27 677.483 1649.09 1827.48 0 241.221 93.3807 1173.7 645.839 603.595 991.881 1556.28 1729.36 348.616 1174.29 1389.96 1522.49 933.875 1926.84 1763.58 305.105 1591.71 1902.29 1578.01 1531.86 1129.13 200.328 302.24 1467.11 1499.59 1129.98 2107.55 1684.89 297.567 1119.99 1856.94 755.684 1421.52 1604.02 1323.5 714.933 1657.74 816.41 296.397 801.891 1263.11 1018.11 1073.98 858.711 574.369 1441.44 486.509 1303.51 625.337 899.845 1063.64 242.555 862.255 614.844 1086.08 634.217 
1096.16 565.381 233.631 1217.58 747.474 642.01 1610.25 1206.29 1772.3 735.932 699.338 214.235 1838.25 360.868 912.507 1071.97 1460.1 1677.65 1388.59 1425.58 1478.45 1592.77 1213.37 1411.16 257.227 1218.47 1890.6 1142.91 439.035 1351.67 1363.11 819.482 1662.1 339.575 1258.3 1192.18 941.861 827.064 918.174 1517.41 755.021 1565.76 1812.55 241.221 0 328.671 1152.27 841.31 522.636 1153.63 1444.86 1530.85 440.068 1239.92 1155.21 1286.43 1054.93 1841.66 1599.85 338.207 1532.93 1788.5 1350.81 1297.88 888.855 72.9013 522.815 1494.1 1399.57 900.423 2060.19 1572.21 191.038 1175.55 1669.66 673.777 1431.35 1589.83 1085.63 480.782 1473.19 673.403 67.5335 571.757 1119.08 777.504 1112.6 864.325 789.752 1248.26 696.223 1077.83 776.002 932.173 990.173 436.413 639.602 787.676 1109.14 461.452 
1194.07 694.689 95.9531 1240.41 951.694 947.416 1914.59 1330.03 2090.49 1028.25 865.908 507.301 1994.08 522.843 683.287 1101.36 1648.14 1909.02 1713.09 1749.65 1739.73 1721.95 1263.42 1733.71 566.662 1411.86 2044.02 1215.84 719.693 1638.73 1464.14 915.303 1707.18 622.54 1533.13 1110.35 1197.44 961.098 1181.51 1781.99 707.137 1719.94 1877.9 93.3807 328.671 0 1229.8 613.589 682.177 975.115 1634.22 1821.85 389.67 1200.19 1481.42 1613.54 938.881 1997.42 1851.51 370.656 1656.21 1979.98 1670.91 1623.56 1211.93 278.484 261.755 1505.11 1575.06 1222.48 2167.13 1762.78 348.808 1150.37 1948.2 832.031 1465.77 1655.14 1413.72 792.836 1748.79 851.999 387.096 894.128 1348.52 1106.04 1111.19 910.126 527.673 1533.56 447.4 1396.51 621.985 941.674 1134.92 236.684 932.28 598.704 1128.65 685.513 
88.2563 1705.85 1187.95 207.287 551.614 1504.92 1434.93 197.388 1722.08 903.536 500.283 1292.38 824.36 1504.57 1022.54 199.06 620.165 988.994 1541.32 1558.75 1013.48 523.678 113.98 1519.49 1024.61 501.264 866.782 20.7048 1451.31 1108.68 244.09 332.854 516.81 1382.78 966.64 569.16 731.827 353.936 768.349 1061.17 587.469 572.877 660.459 1173.7 1152.27 1229.8 0 1009.87 639.758 898.51 614.999 1259.08 843.509 431.749 1424.49 1537.13 672.216 827.336 1041.18 869.374 453.326 900.552 1437.48 1505.06 1533.8 1207.02 1102.68 413.695 523.535 1205.94 938.938 716.061 1342.76 370.021 1266.44 508.964 312.87 437.572 1443.82 1378.06 1104.19 1776.61 1111.25 1098.26 640.399 1346.21 289.522 323.771 1108.92 1034.64 1063.64 1248.99 817.657 338.784 276.654 1034.13 1553.6 903.429 218.495 1552.23 
1019.86 1307.89 662.626 918.157 1041.64 1476.84 2141.3 1179.38 2373.97 1293.65 912.829 1054.8 1834.09 1128.79 71.4906 820.827 1585.32 1921.93 2052.5 2084.19 1841.57 1531.67 986.245 2057.98 970.866 1388.85 1875.7 990.143 1279.71 1822.39 1249.65 815.547 1364.68 1179.88 1689.57 631.231 1344.6 916.22 1349.6 1889.59 442.22 1579.43 1556.63 645.839 841.31 613.589 1009.87 0 796.441 379.294 1575.64 2005.73 460.498 775.871 1846.19 1982.08 436.288 1837.04 1919.53 574.393 1461.11 1896.07 1982.8 1976.82 1689.15 830.601 351.861 1124.78 1493.7 1573.29 1901.42 1694.31 943.294 760.159 2085.14 876.68 1130.02 1352.74 1805.22 1313.34 1889.88 1461.02 866.372 1278.18 1413.13 1542.17 771.865 719.802 127.826 1720.29 168.866 1716.56 197.726 671.568 1063.43 408.459 1479.91 112.787 823.428 1278.46 
