10
-2.15044 364.839
12.5725 -297.68
738.945 110.914
154.181 -866.844
-847.89 -757.745
-44.7872 407.368
446.374 285.825
-161.982 302.407
861.51 932.217
364.099 -87.8731
0 662.683 783.391 1241.56 1405.51 60.2207 455.431 171.592 1033.36 582.312 
662.683 0 833.407 586.515 975.733 707.377 727.091 624.959 1494.44 409.377 
783.391 833.407 0 1139.28 1809.04 837.927 340.869 921.053 830.398 424.295 
1241.56 586.515 1139.28 0 1007.99 1289.65 1189.13 1211.24 1933.12 806.76 
1405.51 975.733 1809.04 1007.99 0 1415.08 1662.58 1262.69 2403.75 1384.79 
60.2207 707.377 837.927 1289.65 1415.08 0 505.976 157.326 1047.3 642.224 
455.431 727.091 340.869 1189.13 1662.58 505.976 0 608.581 768.219 382.648 
171.592 624.959 921.053 1211.24 1262.69 157.326 608.581 0 1201.75 655.041 
1033.36 1494.44 830.398 1933.12 2403.75 1047.3 768.219 1201.75 0 1134.9 
582.312 409.377 424.295 806.76 1384.79 642.224 382.648 655.041 1134.9 0 
