10
-952.651 -703.734
238.966 896.166
-48.3637 -364.123
-812.748 614.387
147.675 546.521
-800.098 276.044
56.3735 -821.358
-828.094 -412.64
446.345 722.551
-404.869 97.6174
0 1994.9 965.956 1325.53 1665.49 991.583 1015.86 316.624 1997.87 970.685 
1994.9 0 1292.63 1088.81 361.367 1210.04 1727.2 1688.67 270.459 1025.77 
965.956 1292.63 0 1241.68 931.506 987.38 469.077 781.238 1193.98 583.353 
1325.53 1088.81 1241.68 0 962.819 338.58 1678.31 1027.14 1263.73 658.344 
1665.49 361.367 931.506 962.819 0 985.613 1370.92 1368.25 346.684 711.913 
991.583 1210.04 987.38 338.58 985.613 0 1392.06 689.252 1324 433.638 
1015.86 1727.2 469.077 1678.31 1370.92 1392.06 0 974.337 1592.4 1028.23 
316.624 1688.67 781.238 1027.14 1368.25 689.252 974.337 0 1706.71 662.934 
1997.87 270.459 1193.98 1263.73 346.684 1324 1592.4 1706.71 0 1055.99 
970.685 1025.77 583.353 658.344 711.913 433.638 1028.23 662.934 1055.99 0 
